# kobuki stereo-right camera calibration parameters
# [narrow_stereo/right]
# GUID 00b09d0100c884f8
# yaml file auto-generated by : 20170331_calibration.yaml
# yaml file auto-generated on : 20170331
#### TAB CANNOT BE USED #####

image_width: 640
image_height: 480

camera_matrix:
  rows: 3
  cols: 3
  data: [679.2896239332017103, 0.0000000000000000, 319.5851032978507078, 0.0000000000000000, 678.8154889107208874, 246.7920369691102565, 0.0000000000000000, 0.0000000000000000, 1.0000000000000000]

distortion_coefficients:
  rows: 1
  cols: 5
  data: [-0.3904001667512007, 0.2035778386725938, 0.0008945494888341, 0.0005464039271075, 0.0000000000000000]

rectification_matrix:
  rows: 3
  cols: 3
  data: [0.9998678889506715, 0.0049478631854386, -0.0154830002010609, -0.0049433946785551, 0.9999877279285951, 0.0003268658106140, 0.0154844274798877, -0.0002502840472268, 0.9998800777410838]

projection_matrix:
  rows: 3
  cols: 4
  data: [691.5494280506759424, 0.0000000000000000, 329.0574340820312500, -105.4298496244769154, 0.0000000000000000, 691.5494280506759424, 230.9504203796386719, 0.0000000000000000, 0.0000000000000000, 0.0000000000000000, 1.0000000000000000, 0.0000000000000000]

camera_info_url: file:///home/turtlebot/ros/src/hast/cam_info/${NAME}.yaml

#Auto-Control States
#Off (0): turns the feature off
#Query (1): returns the current mode and (if possible) the value of the feature, with no change to the device
#Auto (2): the camera sets the value continuously
#Manual (3): sets a specific value from the corresponding parameter
#OnePush (4): the camera sets the value once, then holds it constant
#None (5): the camera does not provide this feature 

auto_brightness: 3
auto_gain: 3
auto_gamma: 3
auto_hue: 3
auto_saturation: 3
auto_sharpness: 3
auto_shutter: 3
auto_white_balance: 3

auto_iris: 3
auto_exposure: 3
auto_focus: 3
auto_zoom: 3

#Control parameters
bayer_pattern: rggb
brightness: 170.0
exposure: 25.0
frame_id: /camera
frame_rate: 60.0
gain: 16.0
gamma: 0
hue: 0.0
iris: 8.0
iso_speed: 400 #Fixed, the cameras dont operate on other ISO
reset_on_open: false
#shutter: 0.00715327 #Absoulte shutter time ~2ms ABSOLUTE IS NOT FUNCTIONAL OPTION
shutter: 120
use_ros_time: true
video_mode: 640x480_mono8
white_balance_RV: 170.0 #WHITE BALANCE IS VERY IMPORTANT
white_balance_BU: 350.0 #WHITE BALANCE IS VERY IMPORTANT

bayer_method: '' #default method, uses ros image_proc
binning_x: 0
binning_y: 0
focus: 0.0
format7_color_coding: mono16
format7_packet_size: 0
roi_height: 0
roi_width: 0
saturation: 1.0
sharpness: 1.0
x_offset: 0
y_offset: 0
zoom: 0.0

