# kobuki stereo-left camera calibration parameters
# [narrow_stereo/left]
# GUID 00b09d0100c8851b
# yaml file auto-generated by : 20170331_calibration.yaml
# yaml file auto-generated on : 20170331
#### TAB CANNOT BE USED #####

image_width: 640
image_height: 480

camera_matrix:
  rows: 3
  cols: 3
  data: [676.1806311920011012, 0.0000000000000000, 303.2605185917674362, 0.0000000000000000, 675.8625148547066601, 216.2215891943439772, 0.0000000000000000, 0.0000000000000000, 1.0000000000000000]

distortion_coefficients:
  rows: 1
  cols: 5
  data: [-0.3881143658077347, 0.1899530214544176, 0.0004293844377057, 0.0004342766006719, 0.0000000000000000]

rectification_matrix:
  rows: 3
  cols: 3
  data: [0.9994249599634016, -0.0033061512883821, -0.0337463889299493, 0.0032964110668985, 0.9999945075634704, -0.0003442629379434, 0.0337473417654058, 0.0002328230030345, 0.9994303691189388]

projection_matrix:
  rows: 3
  cols: 4
  data: [691.5494280506759424, 0.0000000000000000, 329.0574340820312500, 0.0000000000000000, 0.0000000000000000, 691.5494280506759424, 230.9504203796386719, 0.0000000000000000, 0.0000000000000000, 0.0000000000000000, 1.0000000000000000, 0.0000000000000000]

camera_info_url: file:///home/turtlebot/ros/src/hast/cam_info/${NAME}.yaml

#Auto-Control States
#Off (0): turns the feature off
#Query (1): returns the current mode and (if possible) the value of the feature, with no change to the device
#Auto (2): the camera sets the value continuously
#Manual (3): sets a specific value from the corresponding parameter
#OnePush (4): the camera sets the value once, then holds it constant
#None (5): the camera does not provide this feature 

auto_brightness: 3
auto_gain: 3
auto_gamma: 3
auto_hue: 3
auto_saturation: 3
auto_sharpness: 3
auto_shutter: 3
auto_white_balance: 3

auto_iris: 3
auto_exposure: 3
auto_focus: 3
auto_zoom: 3

#Control parameters
bayer_pattern: rggb
brightness: 170.0
exposure: 25.0
frame_id: /camera
frame_rate: 60.0
gain: 16.0
gamma: 0
hue: 0.0
iris: 8.0
iso_speed: 400 #Fixed, the cameras dont operate on other ISO
reset_on_open: false
#shutter: 0.00715327 #Absoulte shutter time ~2ms ABSOLUTE IS NOT FUNCTIONAL OPTION
shutter: 120
use_ros_time: true
video_mode: 640x480_mono8
white_balance_RV: 170.0 #WHITE BALANCE IS VERY IMPORTANT
white_balance_BU: 350.0 #WHITE BALANCE IS VERY IMPORTANT

bayer_method: ''  #default method, uses ros image_proc
binning_x: 0
binning_y: 0
focus: 0.0
format7_color_coding: mono16
format7_packet_size: 0
roi_height: 0
roi_width: 0
saturation: 1.0
sharpness: 1.0
x_offset: 0
y_offset: 0
zoom: 0.0
