# kobuki stereo-left camera calibration parameters
# [narrow_stereo/left]
# SERIAL 11470071
# yaml file auto-generated by : mars_firefly_20170725.yaml
# yaml file auto-generated on : 02-Aug-2017
#### TAB CANNOT BE USED #####

image_width: 640
image_height: 480

camera_matrix:
  rows: 3
  cols: 3
  data: [1061.6320893704767059, 0.0000000000000000, 326.0517801689188673, 0.0000000000000000, 1065.8812103149987252, 191.2014353706517795, 0.0000000000000000, 0.0000000000000000, 1.0000000000000000]

distortion_coefficients:
  rows: 1
  cols: 5
  data: [-0.2214051100681913, 0.1854023644678411, -0.0056432769362733, -0.0027989167692623, 0.0000000000000000]

rectification_matrix:
  rows: 3
  cols: 3
  data: [0.9981324519734784, 0.0162773553510135, -0.0588783153647286, -0.0160805863678537, 0.9998634237582373, 0.0038142591051650, 0.0589323600365504, -0.0028603379576843, 0.9982578802129689]

projection_matrix:
  rows: 3
  cols: 4
  data: [1105.3728627496154786, 0.0000000000000000, 400.0539169311523438, 0.0000000000000000, 0.0000000000000000, 1105.3728627496154786, 179.2854328155517578, 0.0000000000000000, 0.0000000000000000, 0.0000000000000000, 1.0000000000000000, 0.0000000000000000]

distortion_model: plumb_bob
camera_info_url: file:///home/benjamin/.ros/camera_info/${NAME}.yaml

#Auto-Control States
#Off (0): turns the feature off
#Query (1): returns the current mode and (if possible) the value of the feature, with no change to the device
#Auto (2): the camera sets the value continuously
#Manual (3): sets a specific value from the corresponding parameter
#OnePush (4): the camera sets the value once, then holds it constant
#None (5): the camera does not provide this feature 

auto_white_balance: false
white_balance_blue: 1000
white_balance_red: 400
enable_trigger: false
# trigger_mode: mode14
# trigger_delay: 
# trigger_parameter: 
# trigger_polarity: 
# trigger_source: 
auto_gain: false
gain: 8.375
# gamma: 
auto_exposure: false
exposure: 0.5
auto_shutter: false
shutter_speed: 0.002 # seconds
# auto_brightness: 3
# auto_gamma: 3
# auto_hue: 3
# auto_saturation: 3
# auto_sharpness: 3
# auto_white_balance: 3
# auto_iris: 3
# auto_focus: 3
# auto_zoom: 3

# bayer_pattern: rggb
# brightness: 170.0
# frame_id: /camera
# frame_rate: 60.0
# gamma: 0
# hue: 0.0
# iris: 8.0
# iso_speed: 400 #Fixed, the cameras dont operate on other ISO
# reset_on_open: false
# use_ros_time: true
# video_mode: 640x480_mono8
# bayer_method: '' #default method, uses ros image_proc
# binning_x: 0
# binning_y: 0
# focus: 0.0
# format7_color_coding: mono16
# format7_packet_size: 0
# roi_height: 0
# roi_width: 0
# saturation: 1.0
# sharpness: 1.0
# x_offset: 0
# y_offset: 0
# zoom: 0.0
