# kobuki stereo-right camera calibration parameters
# [narrow_stereo/right]
# SERIAL 13141275
# yaml file auto-generated by : kobuki_firefly_20170905.yaml
# yaml file auto-generated on : 05-Sep-2017
#### TAB CANNOT BE USED #####

image_width: 752
image_height: 480

camera_matrix:
  rows: 3
  cols: 3
  data: [676.8252536435171578, 0.0000000000000000, 363.4090043659565481, 0.0000000000000000, 676.6539507777665676, 218.0529468757658833, 0.0000000000000000, 0.0000000000000000, 1.0000000000000000]

distortion_coefficients:
  rows: 1
  cols: 5
  data: [-0.3860763081825774, 0.1805668378498100, 0.0007724380201626, -0.0003012674562538, 0.0000000000000000]

rectification_matrix:
  rows: 3
  cols: 3
  data: [0.9980568675285738, 0.0178014257365599, 0.0597126320035919, -0.0177226356571265, 0.9998412323189472, -0.0018488754132922, -0.0597360641858450, 0.0007870175823133, 0.9982138965366640]

projection_matrix:
  rows: 3
  cols: 4
  data: [693.9091548428566512, 0.0000000000000000, 314.9806404113769531, 108.0395366121664011, 0.0000000000000000, 693.9091548428566512, 233.3163433074951172, 0.0000000000000000, 0.0000000000000000, 0.0000000000000000, 1.0000000000000000, 0.0000000000000000]

distortion_model: plumb_bob
camera_info_url: file:///home/turtlebot/.ros/camera_info/${NAME}.yaml

#Auto-Control States
#Off (0): turns the feature off
#Query (1): returns the current mode and (if possible) the value of the feature, with no change to the device
#Auto (2): the camera sets the value continuously
#Manual (3): sets a specific value from the corresponding parameter
#OnePush (4): the camera sets the value once, then holds it constant
#None (5): the camera does not provide this feature 

auto_white_balance: false
white_balance_blue: 650
white_balance_red: 250
enable_trigger: true
trigger_mode: mode14
# trigger_delay: 
# trigger_parameter: 
# trigger_polarity: 
# trigger_source: 
auto_gain: false
gain: 8.375
# gamma: 
auto_exposure: false
exposure: 0.5
auto_shutter: false
shutter_speed: 0.002 # seconds
# auto_brightness: 3
# auto_gamma: 3
# auto_hue: 3
# auto_saturation: 3
# auto_sharpness: 3
# auto_white_balance: 3
# auto_iris: 3
# auto_focus: 3
# auto_zoom: 3

# bayer_pattern: rggb
# brightness: 170.0
# frame_id: /camera
# frame_rate: 60.0
# gamma: 0
# hue: 0.0
# iris: 8.0
# iso_speed: 400 #Fixed, the cameras dont operate on other ISO
# reset_on_open: false
# use_ros_time: true
# video_mode: 640x480_mono8
# bayer_method: '' #default method, uses ros image_proc
# binning_x: 0
# binning_y: 0
# focus: 0.0
# format7_color_coding: mono16
# format7_packet_size: 0
# roi_height: 0
# roi_width: 0
# saturation: 1.0
# sharpness: 1.0
# x_offset: 0
# y_offset: 0
# zoom: 0.0
