# mars stereo-left camera calibration parameters
# [narrow_stereo/left]
# SERIAL 16335922
# yaml file auto-generated by : create_chameleon_20170712.yaml
# yaml file auto-generated on : 20170620
#### TAB CANNOT BE USED #####

image_width: 1288
image_height: 964

camera_matrix:
  rows: 3
  cols: 3
  data: [1089.2862009364291680, 0.0000000000000000, 626.3402377652544146, 0.0000000000000000, 1088.6065246329578713, 502.3859082148549078, 0.0000000000000000, 0.0000000000000000, 1.0000000000000000]

distortion_coefficients:
  rows: 1
  cols: 5
  data: [-0.3819860087587769, 0.1730082554823844, 0.0011445762479915, -0.0001132596056905, 0.0000000000000000]

rectification_matrix:
  rows: 3
  cols: 3
  data: [0.9987076376869037, -0.0058519050581666, 0.0504857369267257, 0.0058111599662861, 0.9999826601838824, 0.0009538088971259, -0.0504904431124404, -0.0006591955371563, 0.9987243266365115]

projection_matrix:
  rows: 3
  cols: 4
  data: [1043.5767170757660551, 0.0000000000000000, 584.3246459960937500, 0.0000000000000000, 0.0000000000000000, 1043.5767170757660551, 486.8430404663085938, 0.0000000000000000, 0.0000000000000000, 0.0000000000000000, 1.0000000000000000, 0.0000000000000000]

# camera_info_url: file:///home/$(env USER)/ros/src/hast/cam_info/${NAME}.yaml

camera_info_url: file:///home/benjamin/ros/src/hast/cam_info/${NAME}.yaml

#Auto-Control States
#Off (0): turns the feature off
#Query (1): returns the current mode and (if possible) the value of the feature, with no change to the device
#Auto (2): the camera sets the value continuously
#Manual (3): sets a specific value from the corresponding parameter
#OnePush (4): the camera sets the value once, then holds it constant
#None (5): the camera does not provide this feature 

auto_white_balance: false
white_balance_blue: 1000
white_balance_red: 400
enable_trigger: false
# trigger_mode: mode14
# trigger_delay: 
# trigger_parameter: 
# trigger_polarity: 
# trigger_source: 
auto_gain: false
gain: 8.375
# gamma: 
auto_exposure: false
exposure: 0.5
auto_shutter: false
shutter_speed: 0.002 # seconds
# auto_brightness: 3
# auto_gamma: 3
# auto_hue: 3
# auto_saturation: 3
# auto_sharpness: 3
# auto_white_balance: 3
# auto_iris: 3
# auto_focus: 3
# auto_zoom: 3

# bayer_pattern: rggb
# brightness: 170.0
# frame_id: /camera
# frame_rate: 60.0
# gamma: 0
# hue: 0.0
# iris: 8.0
# iso_speed: 400 #Fixed, the cameras dont operate on other ISO
# reset_on_open: false
# use_ros_time: true
# video_mode: 640x480_mono8
# bayer_method: '' #default method, uses ros image_proc
# binning_x: 0
# binning_y: 0
# focus: 0.0
# format7_color_coding: mono16
# format7_packet_size: 0
# roi_height: 0
# roi_width: 0
# saturation: 1.0
# sharpness: 1.0
# x_offset: 0
# y_offset: 0
# zoom: 0.0
