# create stereo-left camera calibration parameters
# [narrow_stereo/left]
# SERIAL 16452463
# yaml file auto-generated by : create_balckfly_20170620.yaml
# yaml file auto-generated on : 20170620
#### TAB CANNOT BE USED #####

image_width: 1288
image_height: 728

camera_matrix:
  rows: 3
  cols: 3
  data: [934.7088093507661597, 0.0000000000000000, 684.2457173942242434, 0.0000000000000000, 939.3848739960892544, 454.2486185336696849, 0.0000000000000000, 0.0000000000000000, 1.0000000000000000]

distortion_coefficients:
  rows: 1
  cols: 5
  data: [-0.3695905190788361, 0.1211105631587528, -0.0046835539774505, -0.0034038845378233, 0.0000000000000000]

rectification_matrix:
  rows: 3
  cols: 3
  data: [0.9942998754123110, -0.0160811640308840, 0.1053999711502553, 0.0166836678828695, 0.9998491174145685, -0.0048371098067232, -0.1053062817738665, 0.0065679957917155, 0.9944181456762758]

projection_matrix:
  rows: 3
  cols: 4
  data: [918.4276405135252617, 0.0000000000000000, 552.1032409667968750, 0.0000000000000000, 0.0000000000000000, 918.4276405135252617, 463.1788616180419922, 0.0000000000000000, 0.0000000000000000, 0.0000000000000000, 1.0000000000000000, 0.0000000000000000]

camera_info_url: file://$(env HOME)/ros/src/hast/cam_info/${NAME}.yaml

#Auto-Control States
#Off (0): turns the feature off
#Query (1): returns the current mode and (if possible) the value of the feature, with no change to the device
#Auto (2): the camera sets the value continuously
#Manual (3): sets a specific value from the corresponding parameter
#OnePush (4): the camera sets the value once, then holds it constant
#None (5): the camera does not provide this feature 

