# create stereo-right camera calibration parameters
# [narrow_stereo/right]
# SERIAL 17094423
# yaml file auto-generated by : create_balckfly_20170620.yaml
# yaml file auto-generated on : 20170620
#### TAB CANNOT BE USED #####

image_width: 1288
image_height: 728

camera_matrix:
  rows: 3
  cols: 3
  data: [919.7384704985061035, 0.0000000000000000, 675.1518124829227645, 0.0000000000000000, 920.7705067119914020, 477.7179821385102514, 0.0000000000000000, 0.0000000000000000, 1.0000000000000000]

distortion_coefficients:
  rows: 1
  cols: 5
  data: [-0.3716188692288947, 0.1353621419602173, -0.0084429258426359, -0.0029384114018652, 0.0000000000000000]

rectification_matrix:
  rows: 3
  cols: 3
  data: [0.9961659101400239, 0.0081380663910815, 0.0871048296612330, -0.0086358401693927, 0.9999484555058348, 0.0053393441604766, -0.0870568879495860, -0.0060710960221085, 0.9961848423127224]

projection_matrix:
  rows: 3
  cols: 4
  data: [918.4276405135252617, 0.0000000000000000, 552.1032409667968750, -135.0745897436190432, 0.0000000000000000, 918.4276405135252617, 463.1788616180419922, 0.0000000000000000, 0.0000000000000000, 0.0000000000000000, 1.0000000000000000, 0.0000000000000000]

camera_info_url: file://$(env HOME)/ros/src/hast/cam_info/${NAME}.yaml

#Auto-Control States
#Off (0): turns the feature off
#Query (1): returns the current mode and (if possible) the value of the feature, with no change to the device
#Auto (2): the camera sets the value continuously
#Manual (3): sets a specific value from the corresponding parameter
#OnePush (4): the camera sets the value once, then holds it constant
#None (5): the camera does not provide this feature 

