# mars stereo-right camera calibration parameters
# [narrow_stereo/right]
# SERIAL 17180307
# yaml file auto-generated by : create_chameleon_20170712.yaml
# yaml file auto-generated on : 20170620
#### TAB CANNOT BE USED #####

image_width: 1288
image_height: 964

camera_matrix:
  rows: 3
  cols: 3
  data: [1085.7873191973653775, 0.0000000000000000, 605.3242776113272612, 0.0000000000000000, 1085.6800111671091145, 467.4123131476482627, 0.0000000000000000, 0.0000000000000000, 1.0000000000000000]

distortion_coefficients:
  rows: 1
  cols: 5
  data: [-0.3799094729635024, 0.1722909104956502, 0.0006157467688160, 0.0000674639577727, 0.0000000000000000]

rectification_matrix:
  rows: 3
  cols: 3
  data: [0.9998570265601343, 0.0143638551035375, -0.0089222253329271, -0.0143710488065599, 0.9998964553333047, -0.0007426763034966, 0.0089106337892666, 0.0008707918562334, 0.9999599203603196]

projection_matrix:
  rows: 3
  cols: 4
  data: [1043.5767170757660551, 0.0000000000000000, 584.3246459960937500, -164.7102093021431699, 0.0000000000000000, 1043.5767170757660551, 486.8430404663085938, 0.0000000000000000, 0.0000000000000000, 0.0000000000000000, 1.0000000000000000, 0.0000000000000000]

# camera_info_url: file:///home/$(env USER)/ros/src/hast/cam_info/${NAME}.yaml

camera_info_url: file:///home/benjamin/ros/src/hast/cam_info/${NAME}.yaml

#Auto-Control States
#Off (0): turns the feature off
#Query (1): returns the current mode and (if possible) the value of the feature, with no change to the device
#Auto (2): the camera sets the value continuously
#Manual (3): sets a specific value from the corresponding parameter
#OnePush (4): the camera sets the value once, then holds it constant
#None (5): the camera does not provide this feature 

auto_white_balance: false
white_balance_blue: 1000
white_balance_red: 400
enable_trigger: false
# trigger_mode: mode14
# trigger_delay: 
# trigger_parameter: 
# trigger_polarity: 
# trigger_source: 
auto_gain: false
gain: 8.375
# gamma: 
auto_exposure: false
exposure: 0.5
auto_shutter: false
shutter_speed: 0.002 # seconds
# auto_brightness: 3
# auto_gamma: 3
# auto_hue: 3
# auto_saturation: 3
# auto_sharpness: 3
# auto_white_balance: 3
# auto_iris: 3
# auto_focus: 3
# auto_zoom: 3

# bayer_pattern: rggb
# brightness: 170.0
# frame_id: /camera
# frame_rate: 60.0
# gamma: 0
# hue: 0.0
# iris: 8.0
# iso_speed: 400 #Fixed, the cameras dont operate on other ISO
# reset_on_open: false
# use_ros_time: true
# video_mode: 640x480_mono8
# bayer_method: '' #default method, uses ros image_proc
# binning_x: 0
# binning_y: 0
# focus: 0.0
# format7_color_coding: mono16
# format7_packet_size: 0
# roi_height: 0
# roi_width: 0
# saturation: 1.0
# sharpness: 1.0
# x_offset: 0
# y_offset: 0
# zoom: 0.0
