image_width: 640
image_height: 360
camera_name: ardrone_front
camera_matrix:
  rows: 3
  cols: 3
  data: [573.1015856465557, 0, 332.2515757674835, 0, 572.5683876207834, 135.3622755719769, 0, 0, 1]
distortion_model: plumb_bob
distortion_coefficients:
  rows: 1
  cols: 5
  data: [-0.5397718720169082, 0.3563911528215399, 0.00553740695683671, 0.00216361959073324, 0]
rectification_matrix:
  rows: 3
  cols: 3
  data: [1, 0, 0, 0, 1, 0, 0, 0, 1]
projection_matrix:
  rows: 3
  cols: 4
  data: [474.369140625, 0, 338.2153009279864, 0, 0, 536.2168579101562, 131.4443498772971, 0, 0, 0, 1, 0]